37
-31
1
56
-6
-44
1
63
-56
87
118
-123
41
-7
2
106
59
-114
74
52
-113
-54
68
85
71
-55
-79
-68
63
115
92
94
-127
-121
-32
119
-50
8
105
-5
-81
114
82
-5
-69
-118
41
-59
96
-12
122
48
-85
27
76
65
-67
84
88
16
7
127
-111
-82
101
-44
18
118
118
111
-95
-125
-50
101
92
-123
64
86
6
28
55
5
91
-79
-61
-73
15
-57
82
115
-66
-45
39
34
-117
100
94
-49
-24
75
-66
-76
-98
-40
33
9
-49
83
-52
10
101
67
19
-91
5
57
110
-47
94
48
-40
102
87
-97
46
116
4
18
48
-14
-52
94
-27
-42
123
-54
-69
-18
-6
49
117
15
71
117
57
-12
-65
98
-92
-57
22
-53
11
34
78
-62
-97
24
-100
116
70
24
-85
-40
43
97
52
-14
66
101
13
-54
28
-123
-87
30
90
127
98
112
-81
33
-54
-34
-67
80
-62
38
83
-41
-90
98
-107
52
-103
116
-88
59
-52
61
118
-117
-51
63
-75
-52
93
-85
60
-110
-19
80
7
48
-41
-52
-114
27
53
16
-11
-60
-119
-78
-106
110
30
28
76
-77
124
110
-119
93
105
91
-90
113
59
85
-1
-110
8
-18
67
-87
-18
43
-107
-15
24
-78
-31
-103
13
-105
102
66
5
-59
-94
-79
9
-122
-106
-54
26
-16
39
-83
-90
-70
6
14
32
-122
-102
66
120
111
-29
-26
-117
85
95
-20
34
68
52
-65
26
-22
58
-12
-118
-95
28
-78
-59
-12
33
58
103
19
-17
65
-39
116
-39
-9
-86
-29
-73
-114
-30
-105
-38
-17
-54
34
-18
-125
7
-103
-53
20
27
112
-106
66
-27
7
-42
-105
-126
-96
44
-65
13
124
68
92
-9
-37
15
-52
36
-58
104
39
113
78
-66
91
29
17
-26
45
36
-127
78
113
51
84
-124
49
47
-60
-26
74
113
-90
-91
-55
-67
34
-57
-48
-59
-93
68
-84
77
-104
-113
-88
44
60
85
31
39
3
88
38
24
39
-53
91
-36
-50
8
-93
-42
-5
-128
7
93
29
39
95
-16
-84
-78
-32
23
-65
-43
-72
3
108
114
104
60
38
93
108
-37
28
-24
9
-98
8
-50
94
-116
-118
22
103
-12
-24
-127
101
-20
-122
43
-31
-13
76
24
-81
-16
-26
9
-21
-96
48
24
-117
44
-83
-72
-90
-47
-79
-41
37
34
109
-96
-36
5
123
119
-36
-121
-77
29
70
59
-66
-86
77
-44
-86
87
117
-110
43
20
8
117
67
9
116
-54
80
109
68
-32
-89
54
-127
44
-24
36
-80
-100
-102
-99
-117
56
63
12
-93
-5
24
88
83
-20
-42
104
-99
109
122
109
5
59
38
-59
9
-79
-68
117
-59
72
8
100
109
91
54
-56
111
-31
15
49
-72
117
69
109
-128
27
55
-28
113
71
-27
-16
96
124
95
66
-56
-72
-100
-2
38
40
-27
45
-106
103
90
-19
-85
11
112
90
-110
9
-31
56
40
93
124
72
-39
-4
-97
-93
60
-40
-128
6
57
-99
29
21
3
-115
64
-51
71
-32
-124
-90
108
78
100
120
86
123
102
-63
111
3
82
52
6
-124
114
38
-92
125
118
-81
42
-101
-92
-87
77
42
68
67
13
-12
-91
75
39
100
-61
-32
-52
-73
28
53
-100
14
-116
1
105
84
-36
13
-95
34
38
-93
-16
-19
20
-59
-8
-14
-9
-20
-116
124
109
-23
96
117
66
-12
106
-55
44
-99
110
-100
68
-74
-4
75
-36
-17
-6
1
92
59
-12
-24
24
-85
32
-126
77
42
-23
-105
93
-93
105
-81
93
75
91
-11
-33
103
-117
33
-65
54
1
-44
90
58
-81
101
-77
-53
10
105
-15
-113
43
-124
22
8
73
-65
-28
-78
99
-100
60
-27
-3
3
81
-2
10
-83
-80
-126
-47
8
-45
-56
117
122
117
124
102
-53
12
-74
-23
-61
77
54
-51
-73
2
87
-128
124
79
101
-19
-104
-9
32
-76
110
48
13
-45
44
118
-6
-89
-88
49
-69
81
16
13
23
46
-32
-105
-45
16
-96
46
63
24
-93
-106
62
58
-34
-121
84
-117
8
-17
-87
-64
62
-72
6
111
8
84
114
-85
-121
-41
79
-43
-116
2
-122
-100
3
45
11
-32
-103
50
126
55
-35
-19
-96
-93
13
-29
-49
14
-10
-49
-69
16
114
-103
9
85
-127
79
-83
126
89
-117
-44
47
-8
116
-34
-71
-41
37
25
-2
-78
-72
-80
30
-2
91
7
24
28
-85
33
-13
-18
-15
108
-16
61
-88
53
-75
-68
29
-67
42
-3
51
40
125
32
52
96
50
119
-98
-4
124
-57
-21
96
-51
43
-73
-84
-90
-57
126
-29
101
28
-15
83
41
12
-58
53
67
102
-13
-1
111
-95
-43
-102
59
27
86
-111
-16
92
95
-36
-60
-42
-8
-101
79
120
81
-90
122
47
-8
65
-18
-64
-102
38
-49
8
18
87
102
58
86
-66
108
6
-77
13
-111
26
75
-29
66
84
-76
87
-70
84
111
71
93
-26
-102
-86
-1
65
-6
-18
-126
58
-66
127
-106
67
-50
7
-9
56
-23
95
-117
48
84
-52
41
49
107
-102
72
72
-24
13
64
-80
-24
66
-109
24
127
115
32
48
107
67
114
83
-84
-70
41
33
-25
53
90
-103
-49
103
12
42
122
33
-95
74
97
75
16
-29
-93
1
8
60
-74
19
17
70
-44
-125
103
4
29
104
-39
35
-78
28
6
-40
98
26
-42
88
-126
102
-114
34
56
-74
14
-5
-48
-23
-89
-23
-122
104
65
-48
69
40
-102
53
-74
-125
13
-37
1
-30
96
-121
-99
-30
-78
-53
-61
-105
-68
-43
-90
66
-69
-128
74
5
-29
-35
-116
4
-115
102
49
-63
83
123
-27
-65
63
-2
-118
-106
25
124
-15
39
8
-82
-95
-38
114
-92
-1
96
68
-83
38
-28
-29
-121
68
71
-128
89
-25
-111
-18
4
15
115
14
39
14
-63
0
30
74
56
115
-41
6
123
-61
-102
49
-32
102
-120
-7
99
-70
-77
-12
-82
-80
65
39
35
91
65
48
69
10
-43
105
-83
33
95
38
-12
40
-33
64
-124
-116
61
-89
-12
79
-86
-126
-108
125
-35
-113
40
-104
-36
116
-40
-126
121
-71
19
44
-71
-19
-29
-93
-12
71
-54
111
-78
-6
94
120
-14
62
-71
104
-29
-54
46
107
9
-2
-46
97
120
-102
-42
-27
-73
-54
126
-83
92
-109
-122
-5
-35
76
-33
-35
-22
5
-55
102
-65
115
-8
39
90
34
-49
76
-30
65
11
-127
-12
44
-82
-118
54
-106
42
48
-27
-28
118
112
-14
-28
32
-88
92
-97
74
-92
35
-26
-88
9
-86
-59
-84
-58
-69
-122
43
56
27
57
116
118
32
-50
118
31
-65
-82
48
46
91
55
104
72
-31
48
-6
19
81
28
37
-34
65
118
-32
21
36
-125
6
-39
-6
-87
-67
127
-105
119
114
88
85
100
39
67
64
20
103
-16
5
94
34
-87
-49
-103
-49
-31
105
-9
122
123
-40
-12
114
69
62
-74
-34
-19
32
-86
-1
24
104
18
-22
-123
92
8
64
127
7
60
-85
121
-41
-119
94
-123
-92
-54
-17
54
-83
64
-28
109
-18
13
123
-69
-16
105
66
-31
42
7
101
-18
6
26
96
-126
-49
-6
-32
82
39
-66
-59
51
-41
107
-93
-71
11
13
-40
-70
16
82
47
5
-95
8
-48
-69
-69
91
-2
105
49
-45
41
72
67
-82
-98
-71
109
-28
-27
-12
70
-56
-7
-24
35
-23
-76
73
-100
70
69
17
-90
-35
60
-88
-119
105
-39
9
25
-31
34
-17
-125
1
-30
122
-25
-38
-27
65
85
103
-23
76
-80
-32
11
32
-11
114
64
58
-17
-30
-87
-108
-60
84
-42
35
-114
-20
123
104
-43
-95
28
81
-108
-67
46
-111
6
68
-85
15
97
-65
-29
2
-99
-68
78
-116
90
-116
-22
94
33
28
32
80
-108
-33
68
7
-118
20
114
114
88
68
70
67
-36
-67
-25
-72
55
71
107
-112
21
-74
33
7
-103
84
-68
104
-86
3
-112
-108
-17
-127
-45
-45
-20
-76
-1
82
82
-68
61
-20
-6
-121
5
-123
74
-87
-4
-2
-1
-51
-90
12
-79
54
108
-2
69
23
127
39
52
-111
9
-89
77
75
-42
-35
104
-100
-7
-124
-29
32
38
58
57
97
-29
29
-123
-74
-23
-15
53
57
-36
-93
102
-2
57
64
-19
44
-89
-124
-64
-11
-52
-120
120
-63
-110
73
-23
-61
-17
-114
90
113
100
115
97
38
-89
-105
-64
-92
78
18
10
111
-113
58
-46
37
19
-48
53
17
-48
54
-92
24
22
67
-70
-112
-68
-60
52
-63
-23
116
-37
-116
-73
44
83
-59
-40
101
-27
-17
-24
112
62
-85
122
35
4
7
89
-57
-10
99
44
-10
-116
15
42
76
-124
-33
-45
53
98
-13
119
73
62
-112
-101
-76
122
114
-33
84
74
96
49
-86
-122
21
-21
-45
126
-104
38
-63
-122
-15
-29
-114
-119
13
-107
-61
-8
-77
94
-57
-70
-24
19
-24
-107
94
-103
63
-50
11
-16
-27
-72
-113
19
-66
-62
104
32
63
123
33
81
120
-34
-69
-7
75
-107
-57
-21
71
1
3
-73
105
109
-11
-52
77
111
-108
-29
73
113
-41
-15
81
31
-103
8
-47
-57
-6
93
-111
-69
-26
-85
24
55
61
45
110
-74
85
127
22
13
120
27
2
105
-40
94
-97
-24
-86
106
-23
112
106
62
67
61
93
61
-107
-16
66
67
-42
59
86
-40
53
-54
1
-92
20
-96
94
-67
89
73
-74
-27
24
-8
46
-18
109
74
-118
15
-38
52
-121
-124
-100
-107
-93
-9
-41
88
-108
83
-95
35
-81
85
23
-57
104
31
71
123
74
-102
-41
-128
8
13
58
-80
-100
-120
82
-96
-83
102
-125
-27
46
59
-122
43
99
82
13
-17
46
113
5
86
14
36
71
-38
-35
-30
111
-63
-21
-82
-110
5
114
-17
-115
33
-75
23
-121
-108
97
83
-30
9
121
-61
41
50
-38
-126
-70
-84
-56
3
109
67
14
-8
72
2
40
-69
-41
65
-118
122
-98
-58
-61
8
-20
-99
-127
92
30
4
-49
-107
99
27
-44
-28
66
-128
-97
62
109
86
-77
-31
-36
16
-1
3
5
30
-127
-62
99
85
124
-10
-71
-108
-103
-48
10
36
124
-20
-49
-28
16
6
-67
86
-89
84
41
17
-57
96
21
-80
92
45
-12
-48
30
7
114
21
103
-85
30
-46
-7
-84
-59
86
-72
-100
-100
-66
27
-19
-66
13
81
56
13
63
-114
-84
14
99
-83
-47
-66
-36
-21
63
-97
-83
-97
60
-105
-57
83
-90
-44
53
-63
-56
-43
6
21
69
19
-85
-33
-5
-59
14
30
83
127
-109
72
-29
-92
-115
-59
-60
30
-116
-115
105
21
-60
-7
8
-67
100
-2
-89
-34
73
-44
19
32
-124
-30
94
54
-25
105
-87
-73
-100
-85
-89
127
1
74
-64
-47
-50
115
73
81
-109
18
18
-95
99
106
-35
-43
39
-104
12
-18
-125
-1
-36
-59
-34
-42
-77
110
-26
30
-55
-33
-110
-82
-115
76
-115
122
-66
43
41
19
41
-99
-28
-39
-34
46
-63
-50
97
-126
-76
113
109
106
48
-28
16
-119
126
-41
47
-72
-91
77
104
68
35
-115
21
-78
-56
-20
7
110
63
126
88
112
87
53
-91
-33
-55
-86
37
-7
-123
-66
-109
-54
-120
107
-117
49
-34
-21
50
15
-47
-115
28
-11
-94
96
-39
72
29
64
3
52
-71
-11
13
70
-17
-17
29
28
23
-118
-40
-79
-57
3
125
41
-69
-73
89
3
-117
-16
109
-46
-75
-54
122
-111
-121
57
78
-25
42
80
-36
-57
57
-27
51
-9
12
-43
-122
0
-54
59
2
-39
104
-38
101
-39
-10
-51
-55
-63
64
98
30
-101
-34
93
-83
-61
89
-116
76
-8
7
-121
35
-96
26
-107
-101
66
111
4
20
-44
-64
-96
-59
-115
-87
65
83
-25
118
52
-109
69
26
-75
14
-22
-39
43
65
106
-107
29
13
127
-100
-26
102
51
-13
118
36
118
-118
121
22
34
-29
-51
112
-43
97
-89
-41
35
24
44
-88
-88
-125
-2
-3
16
-107
-43
-35
-5
-61
3
106
54
51
119
60
-39
-30
-57
-85
-21
-83
86
-127
51
120
-92
-46
99
-7
-9
28
106
-113
36
-108
-29
84
-80
28
-20
-78
-121
109
0
-106
-119
1
82
-84
66
85
-80
7
-31
-4
54
61
58
0
33
-96
-44
53
-98
29
-61
-15
68
-117
-35
28
-67
-46
-50
120
-50
56
12
-113
122
52
-108
-64
-34
10
-96
92
7
-81
-33
75
-111
-83
10
-104
-30
107
-30
53
-112
-128
-59
-7
-55
-33
124
-28
-79
46
33
112
116
-3
78
-118
17
-62
88
-44
-124
-73
38
-77
126
-120
52
33
2
77
118
-12
-40
61
-84
-107
68
112
54
-126
94
76
-126
7
30
-17
125
-19
-61
-111
-70
-18
123
111
-76
-65
83
-40
38
109
-96
-98
-80
-16
-62
120
114
66
106
127
-23
-14
9
114
-100
30
1
92
-127
71
76
-120
-53
-11
24
-17
14
-2
43
63
-90
-124
-123
48
-117
31
64
-90
124
68
92
40
-22
-64
85
-26
99
58
35
50
69
-76
113
-99
51
-26
29
71
97
-91
61
-63
11
-118
-46
-38
-92
-57
98
38
-72
-96
116
-99
56
-16
-97
36
-53
-102
-92
-109
-127
61
121
-128
-90
-52
11
-101
-96
-25
-26
39
111
46
-48
50
-121
-15
27
-125
33
-47
22
-122
-26
77
63
118
44
-116
-49
-13
85
81
106
43
-111
-108
110
-45
-100
38
3
-91
-76
-85
-112
68
122
115
-36
64
-43
110
94
102
109
12
-109
122
101
69
95
-107
-99
-9
-117
23
-37
-10
-102
40
17
-60
-37
99
-98
-66
-116
-94
-10
-74
-95
-97
-95
-112
-58
119
-53
-22
-106
-94
-35
